0.00000000e+000	-8.45140088e-004	
4.13609073e-002	-8.47500153e-004	
8.27218145e-002	-8.49916470e-004	
1.24082722e-001	-8.52121764e-004	
1.65443629e-001	-8.54056975e-004	
2.06804536e-001	-8.56370936e-004	
2.48165444e-001	-8.58712328e-004	
2.89526351e-001	-8.61351614e-004	
3.30887258e-001	-8.63913951e-004	
3.72248165e-001	-8.66354990e-004	
4.13609073e-001	-8.68546471e-004	
4.54969980e-001	-8.70737953e-004	
4.96330887e-001	-8.72929434e-004	
5.37691795e-001	-8.75181458e-004	
5.79052702e-001	-8.77483114e-004	
6.20413609e-001	-8.79784769e-004	
6.61774516e-001	-8.82145377e-004	
7.03135424e-001	-8.84644569e-004	
7.44496331e-001	-8.87143760e-004	
7.85857238e-001	-8.89642952e-004	
8.27218145e-001	-8.92084689e-004	
8.68579053e-001	-8.94525229e-004	
9.09939960e-001	-8.96965768e-004	
9.51300867e-001	-8.99353583e-004	
9.92661775e-001	-9.01622426e-004	
1.03402268e+000	-9.03891269e-004	
1.07538359e+000	-9.06160112e-004	
1.11674450e+000	-9.08428955e-004	
1.15810540e+000	-9.10697798e-004	
1.19946631e+000	-9.12966640e-004	
1.24082722e+000	-9.15235483e-004	
1.28218813e+000	-9.17504326e-004	
1.32354903e+000	-9.19773169e-004	
1.36490994e+000	-9.22010663e-004	
1.40627085e+000	-9.24174183e-004	
1.44763175e+000	-9.26337704e-004	
1.48899266e+000	-9.28501224e-004	
1.53035357e+000	-9.30664745e-004	
1.57171448e+000	-9.32828265e-004	
1.61307538e+000	-9.34991786e-004	
1.65443629e+000	-9.37224092e-004	
1.69579720e+000	-9.39579957e-004	
1.73715811e+000	-9.41935821e-004	
1.77851901e+000	-9.44291685e-004	
1.81987992e+000	-9.46647550e-004	
1.86124083e+000	-9.49003414e-004	
1.90260173e+000	-9.51359279e-004	
1.94396264e+000	-9.53780388e-004	
1.98532355e+000	-9.56206949e-004	
2.02668446e+000	-9.58633511e-004	
2.06804536e+000	-9.61060072e-004	
2.10940627e+000	-9.63486633e-004	
2.15076718e+000	-9.65913195e-004	
2.19212809e+000	-9.68339756e-004	
2.23348899e+000	-9.70766318e-004	
2.27484990e+000	-9.73192879e-004	
2.31621081e+000	-9.75619441e-004	
2.35757171e+000	-9.78046002e-004	
2.39893262e+000	-9.80472564e-004	
2.44029353e+000	-9.82774259e-004	
2.48165444e+000	-9.85054624e-004	
2.52301534e+000	-9.87338276e-004	
2.56437625e+000	-9.89592838e-004	
2.60573716e+000	-9.91812171e-004	
2.64709807e+000	-9.94031504e-004	
2.68845897e+000	-9.96250837e-004	
2.72981988e+000	-9.98470170e-004	
2.77118079e+000	-1.00068950e-003	
2.81254169e+000	-1.00290884e-003	
2.85390260e+000	-1.00512817e-003	
2.89526351e+000	-1.00734750e-003	
2.93662442e+000	-1.00956684e-003	
2.97798532e+000	-1.01178617e-003	
3.01934623e+000	-1.01400550e-003	
3.06070714e+000	-1.01622483e-003	
3.10206805e+000	-1.01844417e-003	
3.14342895e+000	-1.02066350e-003	
3.18478986e+000	-1.02288283e-003	
3.22615077e+000	-1.02510217e-003	
3.26751167e+000	-1.02732150e-003	
3.30887258e+000	-1.02954083e-003	
3.35023349e+000	-1.03176017e-003	
3.39159440e+000	-1.03397950e-003	
3.43295530e+000	-1.03619883e-003	
3.47431621e+000	-1.03841816e-003	
3.51567712e+000	-1.04063750e-003	
3.55703803e+000	-1.04285683e-003	
3.59839893e+000	-1.04507616e-003	
3.63975984e+000	-1.04734971e-003	
3.68112075e+000	-1.04999039e-003	
3.72248165e+000	-1.05263107e-003	
3.76384256e+000	-1.05527175e-003	
3.80520347e+000	-1.05791244e-003	
3.84656438e+000	-1.06055312e-003	
3.88792528e+000	-1.06319380e-003	
3.92928619e+000	-1.06583448e-003	
3.97064710e+000	-1.06847516e-003	
4.01200801e+000	-1.07111584e-003	
4.05336891e+000	-1.07369646e-003	
4.09472982e+000	-1.07597110e-003	
4.13609073e+000	-1.07824575e-003	
4.17745163e+000	-1.08052039e-003	
4.21881254e+000	-1.08279504e-003	
4.26017345e+000	-1.08506969e-003	
4.30153436e+000	-1.08734433e-003	
4.34289526e+000	-1.08961898e-003	
4.38425617e+000	-1.09189362e-003	
4.42561708e+000	-1.09416827e-003	
4.46697799e+000	-1.09644291e-003	
4.50833889e+000	-1.09871756e-003	
4.54969980e+000	-1.10096708e-003	
4.59106071e+000	-1.10290709e-003	
4.63242161e+000	-1.10484709e-003	
4.67378252e+000	-1.10678710e-003	
4.71514343e+000	-1.10872710e-003	
4.75650434e+000	-1.11066711e-003	
4.79786524e+000	-1.11260711e-003	
4.83922615e+000	-1.11454712e-003	
4.88058706e+000	-1.11648712e-003	
4.92194797e+000	-1.11842713e-003	
4.96330887e+000	-1.12036713e-003	
5.00466978e+000	-1.12230714e-003	
5.04603069e+000	-1.12424714e-003	
5.08739159e+000	-1.12618715e-003	
5.12875250e+000	-1.12812715e-003	
5.17011341e+000	-1.13006716e-003	
5.21147432e+000	-1.13200716e-003	
5.25283522e+000	-1.13428711e-003	
5.29419613e+000	-1.13755884e-003	
5.33555704e+000	-1.14083057e-003	
5.37691795e+000	-1.14410230e-003	
5.41827885e+000	-1.14737403e-003	
5.45963976e+000	-1.15064576e-003	
5.50100067e+000	-1.15391749e-003	
5.54236157e+000	-1.15718923e-003	
5.58372248e+000	-1.16046096e-003	
5.62508339e+000	-1.16373269e-003	
5.66644430e+000	-1.16700442e-003	
5.70780520e+000	-1.17027615e-003	
5.74916611e+000	-1.17354788e-003	
5.79052702e+000	-1.17681961e-003	
5.83188793e+000	-1.18009134e-003	
5.87324883e+000	-1.18336308e-003	
5.91460974e+000	-1.18663481e-003	
5.95597065e+000	-1.18990654e-003	
5.99733155e+000	-1.19317827e-003	
6.03869246e+000	-1.19599023e-003	
6.08005337e+000	-1.19860427e-003	
6.12141428e+000	-1.20121831e-003	
6.16277518e+000	-1.20383236e-003	
6.20413609e+000	-1.20644640e-003	
6.24549700e+000	-1.20906044e-003	
6.28685791e+000	-1.21167449e-003	
6.32821881e+000	-1.21428853e-003	
6.36957972e+000	-1.21690257e-003	
6.41094063e+000	-1.21951662e-003	
6.45230153e+000	-1.22213066e-003	
6.49366244e+000	-1.22474470e-003	
6.53502335e+000	-1.22777945e-003	
6.57638426e+000	-1.23086184e-003	
6.61774516e+000	-1.23394423e-003	
6.65910607e+000	-1.23702662e-003	
6.70046698e+000	-1.24010901e-003	
6.74182789e+000	-1.24319140e-003	
6.78318879e+000	-1.24627379e-003	
6.82454970e+000	-1.24935618e-003	
6.86591061e+000	-1.25243857e-003	
6.90727151e+000	-1.25552096e-003	
6.94863242e+000	-1.25862438e-003	
6.98999333e+000	-1.26177492e-003	
7.03135424e+000	-1.26492546e-003	
7.07271514e+000	-1.26807600e-003	
7.11407605e+000	-1.27122654e-003	
7.15543696e+000	-1.27437708e-003	
7.19679787e+000	-1.27752762e-003	
7.23815877e+000	-1.28067816e-003	
7.27951968e+000	-1.28382870e-003	
7.32088059e+000	-1.28697924e-003	
7.36224149e+000	-1.29012978e-003	
7.40360240e+000	-1.29328032e-003	
7.44496331e+000	-1.29643086e-003	
7.48632422e+000	-1.29958140e-003	
7.52768512e+000	-1.30273194e-003	
7.56904603e+000	-1.30588248e-003	
7.61040694e+000	-1.30903302e-003	
7.65176785e+000	-1.31218356e-003	
7.69312875e+000	-1.31533410e-003	
7.73448966e+000	-1.31848464e-003	
7.77585057e+000	-1.32163518e-003	
7.81721147e+000	-1.32478572e-003	
7.85857238e+000	-1.32793626e-003	
7.89993329e+000	-1.33108680e-003	
7.94129420e+000	-1.33423733e-003	
7.98265510e+000	-1.33738787e-003	
8.02401601e+000	-1.34053841e-003	
8.06537692e+000	-1.34372543e-003	
8.10673783e+000	-1.34699318e-003	
8.14809873e+000	-1.35026093e-003	
8.18945964e+000	-1.35352868e-003	
8.23082055e+000	-1.35679643e-003	
8.27218145e+000	-1.36006417e-003	
8.31354236e+000	-1.36333192e-003	
8.35490327e+000	-1.36659967e-003	
8.39626418e+000	-1.36986742e-003	
8.43762508e+000	-1.37313517e-003	
8.47898599e+000	-1.37640291e-003	
8.52034690e+000	-1.37967066e-003	
8.56170781e+000	-1.38293841e-003	
8.60306871e+000	-1.38881181e-003	
8.64442962e+000	-1.39514368e-003	
8.68579053e+000	-1.40147555e-003	
8.72715143e+000	-1.40780742e-003	
8.76851234e+000	-1.41413930e-003	
8.80987325e+000	-1.42047117e-003	
8.85123416e+000	-1.42680304e-003	
8.89259506e+000	-1.43313492e-003	
8.93395597e+000	-1.43946679e-003	
8.97531688e+000	-1.44579866e-003	
9.01667779e+000	-1.45213053e-003	
9.05803869e+000	-1.45846241e-003	
9.09939960e+000	-1.46479428e-003	
9.14076051e+000	-1.47112615e-003	
9.18212141e+000	-1.47745802e-003	
9.22348232e+000	-1.48378990e-003	
9.26484323e+000	-1.49012177e-003	
9.30620414e+000	-1.49645364e-003	
9.34756504e+000	-1.50278552e-003	
9.38892595e+000	-1.50911739e-003	
9.43028686e+000	-1.51544926e-003	
9.47164777e+000	-1.52179320e-003	
9.51300867e+000	-1.52813898e-003	
9.55436958e+000	-1.53448476e-003	
9.59573049e+000	-1.54083055e-003	
9.63709139e+000	-1.54717633e-003	
9.67845230e+000	-1.55352211e-003	
9.71981321e+000	-1.55986789e-003	
9.76117412e+000	-1.56621368e-003	
9.80253502e+000	-1.57255946e-003	
9.84389593e+000	-1.57890524e-003	
9.88525684e+000	-1.58525103e-003	
9.92661775e+000	-1.59159681e-003	
9.96797865e+000	-1.59804634e-003	
1.00093396e+001	-1.60858195e-003	
1.00507005e+001	-1.61911755e-003	
1.00920614e+001	-1.62965316e-003	
1.01334223e+001	-1.64018877e-003	
1.01747832e+001	-1.65072437e-003	
1.02161441e+001	-1.66125998e-003	
1.02575050e+001	-1.67179559e-003	
1.02988659e+001	-1.68233119e-003	
1.03402268e+001	-1.69286680e-003	
1.03815877e+001	-1.70340240e-003	
1.04229486e+001	-1.71393801e-003	
1.04643095e+001	-1.72447362e-003	
1.05056704e+001	-1.73500922e-003	
1.05470314e+001	-1.74554483e-003	
1.05883923e+001	-1.75608044e-003	
1.06297532e+001	-1.76661604e-003	
1.06711141e+001	-1.77715165e-003	
1.07124750e+001	-1.78768725e-003	
1.07538359e+001	-1.79822286e-003	
1.07951968e+001	-1.80875847e-003	
1.08365577e+001	-1.81929407e-003	
1.08779186e+001	-1.82982968e-003	
1.09192795e+001	-1.84036529e-003	
1.09606404e+001	-1.85210288e-003	
1.10020013e+001	-1.86871548e-003	
1.10433622e+001	-1.88532808e-003	
1.10847231e+001	-1.90194069e-003	
1.11260841e+001	-1.91855329e-003	
1.11674450e+001	-1.93516589e-003	
1.12088059e+001	-1.95177849e-003	
1.12501668e+001	-1.96839109e-003	
1.12915277e+001	-1.98500369e-003	
1.13328886e+001	-2.00161629e-003	
1.13742495e+001	-2.01822889e-003	
1.14156104e+001	-2.03484150e-003	
1.14569713e+001	-2.05145410e-003	
1.14983322e+001	-2.06806670e-003	
1.15396931e+001	-2.08467930e-003	
1.15810540e+001	-2.10129190e-003	
1.16224149e+001	-2.11790450e-003	
1.16637759e+001	-2.13451710e-003	
1.17051368e+001	-2.15112971e-003	
1.17464977e+001	-2.16774231e-003	
1.17878586e+001	-2.18435491e-003	
1.18292195e+001	-2.20096751e-003	
1.18705804e+001	-2.21758011e-003	
1.19119413e+001	-2.25311103e-003	
1.19533022e+001	-2.29027749e-003	
1.19946631e+001	-2.32744395e-003	
1.20360240e+001	-2.36461041e-003	
1.20773849e+001	-2.40177687e-003	
1.21187458e+001	-2.43894333e-003	
1.21601067e+001	-2.47610979e-003	
1.22014676e+001	-2.51327625e-003	
1.22428286e+001	-2.55044271e-003	
1.22841895e+001	-2.58760917e-003	
1.23255504e+001	-2.62477564e-003	
1.23669113e+001	-2.66194210e-003	
1.24082722e+001	-2.69910856e-003	
1.24496331e+001	-2.73627502e-003	
1.24909940e+001	-2.77344148e-003	
1.25323549e+001	-2.81060794e-003	
1.25737158e+001	-2.84777440e-003	
1.26150767e+001	-2.88494086e-003	
1.26564376e+001	-2.92210732e-003	
1.26977985e+001	-2.95927378e-003	
1.27391594e+001	-2.99644024e-003	
1.27805203e+001	-3.02886399e-003	
1.28218813e+001	-3.05871545e-003	
1.28632422e+001	-3.08856692e-003	
1.29046031e+001	-3.11841838e-003	
1.29459640e+001	-3.14826984e-003	
1.29873249e+001	-3.17812130e-003	
1.30286858e+001	-3.20797277e-003	
1.30700467e+001	-3.23782423e-003	
1.31114076e+001	-3.26767569e-003	
1.31527685e+001	-3.29752716e-003	
1.31941294e+001	-3.32737862e-003	
1.32354903e+001	-3.35723008e-003	
1.32768512e+001	-3.38708154e-003	
1.33182121e+001	-3.41693301e-003	
1.33595730e+001	-3.44678447e-003	
1.34009340e+001	-3.47663593e-003	
1.34422949e+001	-3.50648740e-003	
1.34836558e+001	-3.53633886e-003	
1.35250167e+001	-3.56619032e-003	
1.35663776e+001	-3.59604178e-003	
1.36077385e+001	-3.62589325e-003	
1.36490994e+001	-3.65574471e-003	
1.36904603e+001	-3.68559617e-003	
1.37318212e+001	-3.71544763e-003	
1.37731821e+001	-3.74529910e-003	
1.38145430e+001	-3.77515056e-003	
1.38559039e+001	-3.80500202e-003	
1.38972648e+001	-3.85814702e-003	
1.39386258e+001	-3.93450728e-003	
1.39799867e+001	-4.01086753e-003	
1.40213476e+001	-4.08722779e-003	
1.40627085e+001	-4.16358805e-003	
1.41040694e+001	-4.23994830e-003	
1.41454303e+001	-4.31630856e-003	
1.41867912e+001	-4.39266882e-003	
1.42281521e+001	-4.46902908e-003	
1.42695130e+001	-4.54538933e-003	
1.43108739e+001	-4.62174959e-003	
1.43522348e+001	-4.69810985e-003	
1.43935957e+001	-4.77447010e-003	
1.44349566e+001	-4.85083036e-003	
1.44763175e+001	-4.92719062e-003	
1.45176785e+001	-5.00355087e-003	
1.45590394e+001	-5.07991113e-003	
1.46004003e+001	-5.16678320e-003	
1.46417612e+001	-5.27374335e-003	
1.46831221e+001	-5.38070349e-003	
1.47244830e+001	-5.48766364e-003	
1.47658439e+001	-5.59462378e-003	
1.48072048e+001	-5.70158393e-003	
1.48485657e+001	-5.80854407e-003	
1.48899266e+001	-5.91550422e-003	
1.49312875e+001	-6.02246437e-003	
1.49726484e+001	-6.12942451e-003	
1.50140093e+001	-6.23638466e-003	
1.50553702e+001	-6.34334480e-003	
1.50967312e+001	-6.45030495e-003	
1.51380921e+001	-6.55726509e-003	
1.51794530e+001	-6.66422524e-003	
1.52208139e+001	-6.77118538e-003	
1.52621748e+001	-6.87814553e-003	
1.53035357e+001	-6.98510567e-003	
1.53448966e+001	-7.09206582e-003	
1.53862575e+001	-7.19902597e-003	
1.54276184e+001	-7.30598611e-003	
1.54689793e+001	-7.41294626e-003	
1.55103402e+001	-7.51990640e-003	
1.55517011e+001	-7.62686655e-003	
1.55930620e+001	-7.73382669e-003	
1.56344229e+001	-7.84078684e-003	
1.56757839e+001	-7.94774698e-003	
1.57171448e+001	-8.05470713e-003	
1.57585057e+001	-8.16166727e-003	
1.57998666e+001	-8.26862742e-003	
1.58412275e+001	-8.37558756e-003	
1.58825884e+001	-8.48254771e-003	
1.59239493e+001	-8.58950786e-003	
1.59653102e+001	-8.70124290e-003	
1.60066711e+001	-8.82112502e-003	
1.60480320e+001	-8.94100714e-003	
1.60893929e+001	-9.06088925e-003	
1.61307538e+001	-9.18077137e-003	
1.61721147e+001	-9.30065348e-003	
1.62134757e+001	-9.46614111e-003	
1.62548366e+001	-9.65540280e-003	
1.62961975e+001	-9.84466450e-003	
1.63375584e+001	-1.00339262e-002	
1.63789193e+001	-1.02231879e-002	
1.64202802e+001	-1.04029408e-002	
1.64616411e+001	-1.05792161e-002	
1.65030020e+001	-1.07554914e-002	
1.65443629e+001	-1.09317667e-002	
1.65857238e+001	-1.11080420e-002	
1.66270847e+001	-1.12843173e-002	
1.66684456e+001	-1.14605926e-002	
1.67098065e+001	-1.16368679e-002	
1.67511674e+001	-1.18131432e-002	
1.67925284e+001	-1.19894185e-002	
1.68338893e+001	-1.21656938e-002	
1.68752502e+001	-1.23419691e-002	
1.69166111e+001	-1.25182444e-002	
1.69579720e+001	-1.26945197e-002	
1.69993329e+001	-1.28707949e-002	
1.70406938e+001	-1.30470702e-002	
1.70820547e+001	-1.32233455e-002	
1.71234156e+001	-1.33996208e-002	
1.71647765e+001	-1.35758961e-002	
1.72061374e+001	-1.37521714e-002	
1.72474983e+001	-1.39250276e-002	
1.72888592e+001	-1.40825945e-002	
1.73302201e+001	-1.42401613e-002	
1.73715811e+001	-1.43977282e-002	
1.74129420e+001	-1.45552951e-002	
1.74543029e+001	-1.47128620e-002	
1.74956638e+001	-1.48704288e-002	
1.75370247e+001	-1.50279957e-002	
1.75783856e+001	-1.51855626e-002	
1.76197465e+001	-1.53431294e-002	
1.76611074e+001	-1.55006963e-002	
1.77024683e+001	-1.56582632e-002	
1.77438292e+001	-1.58158300e-002	
1.77851901e+001	-1.59733969e-002	
1.78265510e+001	-1.61309638e-002	
1.78679119e+001	-1.62885306e-002	
1.79092728e+001	-1.64460975e-002	
1.79506338e+001	-1.66036644e-002	
1.79919947e+001	-1.67612312e-002	
1.80333556e+001	-1.69187981e-002	
1.80747165e+001	-1.70763650e-002	
1.81160774e+001	-1.72339318e-002	
1.81574383e+001	-1.73914987e-002	
1.81987992e+001	-1.75490656e-002	
1.82401601e+001	-1.77066325e-002	
1.82815210e+001	-1.78641993e-002	
1.83228819e+001	-1.80217662e-002	
1.83642428e+001	-1.81793331e-002	
1.84056037e+001	-1.83368999e-002	
1.84469646e+001	-1.84944668e-002	
1.84883256e+001	-1.86520337e-002	
1.85296865e+001	-1.88096005e-002	
1.85710474e+001	-1.89671674e-002	
1.86124083e+001	-1.91247343e-002	
1.86537692e+001	-1.92823011e-002	
1.86951301e+001	-1.94469761e-002	
1.87364910e+001	-1.96537979e-002	
1.87778519e+001	-1.98825111e-002	
1.88192128e+001	-2.01813045e-002	
1.88605737e+001	-2.04613100e-002	
1.89019346e+001	-2.07393454e-002	
1.89432955e+001	-2.10173808e-002	
1.89846564e+001	-2.12954162e-002	
1.90260173e+001	-2.15734516e-002	
1.90673783e+001	-2.18514870e-002	
1.91087392e+001	-2.21295224e-002	
1.91501001e+001	-2.24075578e-002	
1.91914610e+001	-2.26855932e-002	
1.92328219e+001	-2.29636286e-002	
1.92741828e+001	-2.32416640e-002	
1.93155437e+001	-2.35196994e-002	
1.93569046e+001	-2.37977348e-002	
1.93982655e+001	-2.40757702e-002	
1.94396264e+001	-2.43538056e-002	
1.94809873e+001	-2.46318410e-002	
1.95223482e+001	-2.49098764e-002	
1.95637091e+001	-2.51628773e-002	
1.96050700e+001	-2.53773585e-002	
1.96464310e+001	-2.55918397e-002	
1.96877919e+001	-2.58063210e-002	
1.97291528e+001	-2.60208022e-002	
1.97705137e+001	-2.62352834e-002	
1.98118746e+001	-2.64497646e-002	
1.98532355e+001	-2.66642459e-002	
1.98945964e+001	-2.68787271e-002	
1.99359573e+001	-2.70932083e-002	
1.99773182e+001	-2.73076895e-002	
2.00186791e+001	-2.75221708e-002	
2.00600400e+001	-2.77366520e-002	
2.01014009e+001	-2.79511332e-002	
2.01427618e+001	-2.81656145e-002	
2.01841227e+001	-2.83800957e-002	
2.02254837e+001	-2.85945769e-002	
2.02668446e+001	-2.88090581e-002	
2.03082055e+001	-2.90235394e-002	
2.03495664e+001	-2.92199789e-002	
2.03909273e+001	-2.93739321e-002	
2.04322882e+001	-2.95278853e-002	
2.04736491e+001	-2.96818385e-002	
2.05150100e+001	-2.98357917e-002	
2.05563709e+001	-2.99897449e-002	
2.05977318e+001	-3.01436981e-002	
2.06390927e+001	-3.02976513e-002	
2.06804536e+001	-3.04516045e-002	
2.07218145e+001	-3.06055577e-002	
2.07631755e+001	-3.07595109e-002	
2.08045364e+001	-3.08901454e-002	
2.08458973e+001	-3.09754608e-002	
2.08872582e+001	-3.10607761e-002	
2.09286191e+001	-3.11460915e-002	
2.09699800e+001	-3.12314069e-002	
2.10113409e+001	-3.13167222e-002	
2.10527018e+001	-3.14020376e-002	
2.10940627e+001	-3.14873529e-002	
2.11354236e+001	-3.15726683e-002	
2.11767845e+001	-3.16579837e-002	
2.12181454e+001	-3.17432990e-002	
2.12595063e+001	-3.18286144e-002	
2.13008672e+001	-3.19139297e-002	
2.13422282e+001	-3.19992451e-002	
2.13835891e+001	-3.20845605e-002	
2.14249500e+001	-3.21800345e-002	
2.14663109e+001	-3.22886802e-002	
2.15076718e+001	-3.23973259e-002	
2.15490327e+001	-3.25059716e-002	
2.15903936e+001	-3.26146173e-002	
2.16317545e+001	-3.27232630e-002	
2.16731154e+001	-3.28319087e-002	
2.17144763e+001	-3.29405543e-002	
2.17558372e+001	-3.30492000e-002	
2.17971981e+001	-3.31578457e-002	
2.18385590e+001	-3.32664914e-002	
2.18799199e+001	-3.33751371e-002	
2.19212809e+001	-3.34837828e-002	
2.19626418e+001	-3.35924285e-002	
2.20040027e+001	-3.37010742e-002	
2.20453636e+001	-3.38097199e-002	
2.20867245e+001	-3.39183655e-002	
2.21280854e+001	-3.39352927e-002	
2.21694463e+001	-3.39391471e-002	
2.22108072e+001	-3.39430015e-002	
2.22521681e+001	-3.39468559e-002	
2.22935290e+001	-3.39507103e-002	
2.23348899e+001	-3.39545647e-002	
2.23762508e+001	-3.39584191e-002	
2.24176117e+001	-3.39622735e-002	
2.24589726e+001	-3.39661278e-002	
2.25003336e+001	-3.39699822e-002	
2.25416945e+001	-3.39765432e-002	
2.25830554e+001	-3.39839037e-002	
2.26244163e+001	-3.39912642e-002	
2.26657772e+001	-3.39986248e-002	
2.27071381e+001	-3.40059853e-002	
2.27484990e+001	-3.40133458e-002	
2.27898599e+001	-3.40207064e-002	
2.28312208e+001	-3.40280669e-002	
2.28725817e+001	-3.40354274e-002	
2.29139426e+001	-3.40427879e-002	
2.29553035e+001	-3.40501485e-002	
2.29966644e+001	-3.40575090e-002	
2.30380254e+001	-3.40648695e-002	
2.30793863e+001	-3.40722300e-002	
2.31207472e+001	-3.40795906e-002	
2.31621081e+001	-3.40869511e-002	
2.32034690e+001	-3.40943116e-002	
2.32448299e+001	-3.41016721e-002	
2.32861908e+001	-3.40489653e-002	
2.33275517e+001	-3.39918929e-002	
2.33689126e+001	-3.39348206e-002	
2.34102735e+001	-3.38777482e-002	
2.34516344e+001	-3.38206758e-002	
2.34929953e+001	-3.37636034e-002	
2.35343562e+001	-3.37065311e-002	
2.35757171e+001	-3.36494587e-002	
2.36170781e+001	-3.35923863e-002	
2.36584390e+001	-3.35353139e-002	
2.36997999e+001	-3.34782416e-002	
2.37411608e+001	-3.34211692e-002	
2.37825217e+001	-3.33640968e-002	
2.38238826e+001	-3.33049497e-002	
2.38652435e+001	-3.32341226e-002	
2.39066044e+001	-3.31632956e-002	
2.39479653e+001	-3.30924685e-002	
2.39893262e+001	-3.30216414e-002	
2.40306871e+001	-3.29508143e-002	
2.40720480e+001	-3.28799873e-002	
2.41134089e+001	-3.28091602e-002	
2.41547698e+001	-3.27383331e-002	
2.41961308e+001	-3.26675060e-002	
2.42374917e+001	-3.25966790e-002	
2.42788526e+001	-3.25258519e-002	
2.43202135e+001	-3.24550248e-002	
2.43615744e+001	-3.23841977e-002	
2.44029353e+001	-3.23064349e-002	
2.44442962e+001	-3.22224109e-002	
2.44856571e+001	-3.21383870e-002	
2.45270180e+001	-3.20543630e-002	
2.45683789e+001	-3.19703391e-002	
2.46097398e+001	-3.18805952e-002	
2.46511007e+001	-3.17743215e-002	
2.46924616e+001	-3.16680479e-002	
2.47338225e+001	-3.15617742e-002	
2.47751835e+001	-3.14555006e-002	
2.48165444e+001	-3.13492270e-002	
2.48579053e+001	-3.12429533e-002	
2.48992662e+001	-3.11366797e-002	
2.49406271e+001	-3.10304060e-002	
2.49819880e+001	-3.09241324e-002	
2.50233489e+001	-3.07959085e-002	
2.50647098e+001	-3.06507526e-002	
2.51060707e+001	-3.05055968e-002	
2.51474316e+001	-3.03604409e-002	
2.51887925e+001	-3.02152850e-002	
2.52301534e+001	-3.00701291e-002	
2.52715143e+001	-2.99249733e-002	
2.53128753e+001	-2.97798174e-002	
2.53542362e+001	-2.96346615e-002	
2.53955971e+001	-2.94895056e-002	
2.54369580e+001	-2.93636849e-002	
2.54783189e+001	-2.92407035e-002	
2.55196798e+001	-2.91177222e-002	
2.55610407e+001	-2.89947408e-002	
2.56024016e+001	-2.88717595e-002	
2.56437625e+001	-2.87487781e-002	
2.56851234e+001	-2.86257968e-002	
2.57264843e+001	-2.85028154e-002	
2.57678452e+001	-2.83798341e-002	
2.58092061e+001	-2.82577417e-002	
2.58505670e+001	-2.81397184e-002	
2.58919280e+001	-2.80216951e-002	
2.59332889e+001	-2.79036717e-002	
2.59746498e+001	-2.77856484e-002	
2.60160107e+001	-2.76676250e-002	
2.60573716e+001	-2.75496017e-002	
2.60987325e+001	-2.74315783e-002	
2.61400934e+001	-2.73135550e-002	
2.61814543e+001	-2.71955316e-002	
2.62228152e+001	-2.70775083e-002	
2.62641761e+001	-2.69594850e-002	
2.63055370e+001	-2.68414616e-002	
2.63468979e+001	-2.67234383e-002	
2.63882588e+001	-2.66054149e-002	
2.64296197e+001	-2.64867429e-002	
2.64709807e+001	-2.63605381e-002	
2.65123416e+001	-2.62343333e-002	
2.65537025e+001	-2.61081285e-002	
2.65950634e+001	-2.59819237e-002	
2.66364243e+001	-2.58557189e-002	
2.66777852e+001	-2.57392568e-002	
2.67191461e+001	-2.56264555e-002	
2.67605070e+001	-2.55136542e-002	
2.68018679e+001	-2.54008529e-002	
2.68432288e+001	-2.52880517e-002	
2.68845897e+001	-2.51752504e-002	
2.69259506e+001	-2.50624491e-002	
2.69673115e+001	-2.49496478e-002	
2.70086724e+001	-2.48368466e-002	
2.70500334e+001	-2.47240453e-002	
2.70913943e+001	-2.46112440e-002	
2.71327552e+001	-2.44984427e-002	
2.71741161e+001	-2.43856414e-002	
2.72154770e+001	-2.42728402e-002	
2.72568379e+001	-2.41522837e-002	
2.72981988e+001	-2.40267237e-002	
2.73395597e+001	-2.39011637e-002	
2.73809206e+001	-2.37756036e-002	
2.74222815e+001	-2.36500436e-002	
2.74636424e+001	-2.35244836e-002	
2.75050033e+001	-2.33989236e-002	
2.75463642e+001	-2.32733635e-002	
2.75877252e+001	-2.31478035e-002	
2.76290861e+001	-2.30222435e-002	
2.76704470e+001	-2.28966834e-002	
2.77118079e+001	-2.27711234e-002	
2.77531688e+001	-2.26455634e-002	
2.77945297e+001	-2.25200033e-002	
2.78358906e+001	-2.23944433e-002	
2.78772515e+001	-2.22605517e-002	
2.79186124e+001	-2.20859882e-002	
2.79599733e+001	-2.19114248e-002	
2.80013342e+001	-2.17368613e-002	
2.80426951e+001	-2.15622979e-002	
2.80840560e+001	-2.14324479e-002	
2.81254169e+001	-2.13288055e-002	
2.81667779e+001	-2.12251632e-002	
2.82081388e+001	-2.11215208e-002	
2.82494997e+001	-2.10178785e-002	
2.82908606e+001	-2.09142362e-002	
2.83322215e+001	-2.08105938e-002	
2.83735824e+001	-2.07069515e-002	
2.84149433e+001	-2.05935973e-002	
2.84563042e+001	-2.04755840e-002	
2.84976651e+001	-2.03575706e-002	
2.85390260e+001	-2.02395572e-002	
2.85803869e+001	-2.01215439e-002	
2.86217478e+001	-2.00035305e-002	
2.86631087e+001	-1.98855171e-002	
2.87044696e+001	-1.97675038e-002	
2.87458306e+001	-1.96494904e-002	
2.87871915e+001	-1.95314771e-002	
2.88285524e+001	-1.94134637e-002	
2.88699133e+001	-1.92954503e-002	
2.89112742e+001	-1.91774370e-002	
2.89526351e+001	-1.90594236e-002	
2.89939960e+001	-1.89414102e-002	
2.90353569e+001	-1.88233969e-002	
2.90767178e+001	-1.87053835e-002	
2.91180787e+001	-1.85873701e-002	
2.91594396e+001	-1.84693568e-002	
2.92008005e+001	-1.83513434e-002	
2.92421614e+001	-1.82333301e-002	
2.92835223e+001	-1.81153167e-002	
2.93248833e+001	-1.79973033e-002	
2.93662442e+001	-1.78792900e-002	
2.94076051e+001	-1.77612766e-002	
2.94489660e+001	-1.76432632e-002	
2.94903269e+001	-1.75252499e-002	
2.95316878e+001	-1.74072365e-002	
2.95730487e+001	-1.72892232e-002	
2.96144096e+001	-1.71712098e-002	
2.96557705e+001	-1.70531964e-002	
2.96971314e+001	-1.69351831e-002	
2.97384923e+001	-1.68171697e-002	
2.97798532e+001	-1.67274286e-002	
2.98212141e+001	-1.66599777e-002	
2.98625751e+001	-1.65925268e-002	
2.99039360e+001	-1.65250759e-002	
2.99452969e+001	-1.64576250e-002	
2.99866578e+001	-1.63901741e-002	
3.00280187e+001	-1.63227231e-002	
3.00693796e+001	-1.62552722e-002	
3.01107405e+001	-1.61878213e-002	
3.01521014e+001	-1.61203704e-002	
3.01934623e+001	-1.60529195e-002	
3.02348232e+001	-1.59854686e-002	
3.02761841e+001	-1.59180177e-002	
3.03175450e+001	-1.58505668e-002	
3.03589059e+001	-1.57831158e-002	
3.04002668e+001	-1.57156649e-002	
3.04416278e+001	-1.56482140e-002	
3.04829887e+001	-1.55807631e-002	
3.05243496e+001	-1.55133122e-002	
3.05657105e+001	-1.54458613e-002	
3.06070714e+001	-1.53784104e-002	
3.06484323e+001	-1.53109595e-002	
3.06897932e+001	-1.52435085e-002	
3.07311541e+001	-1.51760576e-002	
3.07725150e+001	-1.51086067e-002	
3.08138759e+001	-1.50411558e-002	
3.08552368e+001	-1.49737049e-002	
3.08965977e+001	-1.49062540e-002	
3.09379586e+001	-1.48388031e-002	
3.09793195e+001	-1.47713522e-002	
3.10206805e+001	-1.47039013e-002	
3.10620414e+001	-1.46364503e-002	
3.11034023e+001	-1.45658062e-002	
3.11447632e+001	-1.44825324e-002	
3.11861241e+001	-1.43992587e-002	
3.12274850e+001	-1.43159849e-002	
3.12688459e+001	-1.42327112e-002	
3.13102068e+001	-1.41494374e-002	
3.13515677e+001	-1.40661637e-002	
3.13929286e+001	-1.39828899e-002	
3.14342895e+001	-1.38996162e-002	
3.14756504e+001	-1.38163424e-002	
3.15170113e+001	-1.37330687e-002	
3.15583722e+001	-1.36497949e-002	
3.15997332e+001	-1.35665211e-002	
3.16410941e+001	-1.34832474e-002	
3.16824550e+001	-1.33999736e-002	
3.17238159e+001	-1.33166999e-002	
3.17651768e+001	-1.32334261e-002	
3.18065377e+001	-1.31501524e-002	
3.18478986e+001	-1.30668786e-002	
3.18892595e+001	-1.29836049e-002	
3.19306204e+001	-1.29003311e-002	
3.19719813e+001	-1.28170574e-002	
3.20133422e+001	-1.27605442e-002	
3.20547031e+001	-1.27045896e-002	
3.20960640e+001	-1.26486350e-002	
3.21374249e+001	-1.25926803e-002	
3.21787859e+001	-1.25367257e-002	
3.22201468e+001	-1.24807711e-002	
3.22615077e+001	-1.24248165e-002	
3.23028686e+001	-1.23688619e-002	
3.23442295e+001	-1.23129072e-002	
3.23855904e+001	-1.22569526e-002	
3.24269513e+001	-1.22009980e-002	
3.24683122e+001	-1.21450434e-002	
3.25096731e+001	-1.20890888e-002	
3.25510340e+001	-1.20331341e-002	
3.25923949e+001	-1.19771795e-002	
3.26337558e+001	-1.19212249e-002	
3.26751167e+001	-1.18652703e-002	
3.27164777e+001	-1.18093157e-002	
3.27578386e+001	-1.17533610e-002	
3.27991995e+001	-1.16974064e-002	
3.28405604e+001	-1.16414518e-002	
3.28819213e+001	-1.15854972e-002	
3.29232822e+001	-1.15295426e-002	
3.29646431e+001	-1.14735879e-002	
3.30060040e+001	-1.14176333e-002	
3.30473649e+001	-1.13616787e-002	
3.30887258e+001	-1.13057241e-002	
3.31300867e+001	-1.12497695e-002	
3.31714476e+001	-1.11938148e-002	
3.32128085e+001	-1.11378602e-002	
3.32541694e+001	-1.10819056e-002	
3.32955304e+001	-1.10259510e-002	
3.33368913e+001	-1.09699964e-002	
3.33782522e+001	-1.09140417e-002	
3.34196131e+001	-1.08580871e-002	
3.34609740e+001	-1.08021325e-002	
3.35023349e+001	-1.07461779e-002	
3.35436958e+001	-1.06902233e-002	
3.35850567e+001	-1.06342686e-002	
3.36264176e+001	-1.05783140e-002	
3.36677785e+001	-1.05223594e-002	
3.37091394e+001	-1.04664048e-002	
3.37505003e+001	-1.04104502e-002	
3.37918612e+001	-1.03544955e-002	
3.38332221e+001	-1.02985409e-002	
3.38745831e+001	-1.02433125e-002	
3.39159440e+001	-1.01882573e-002	
3.39573049e+001	-1.01332021e-002	
3.39986658e+001	-1.00781469e-002	
3.40400267e+001	-1.00230917e-002	
3.40813876e+001	-9.96803652e-003	
3.41227485e+001	-9.91298132e-003	
3.41641094e+001	-9.85792612e-003	
3.42054703e+001	-9.80287092e-003	
3.42468312e+001	-9.74781572e-003	
3.42881921e+001	-9.69276053e-003	
3.43295530e+001	-9.63770533e-003	
3.43709139e+001	-9.58808273e-003	
3.44122748e+001	-9.55074046e-003	
3.44536358e+001	-9.51339820e-003	
3.44949967e+001	-9.47605593e-003	
3.45363576e+001	-9.43871367e-003	
3.45777185e+001	-9.40137140e-003	
3.46190794e+001	-9.36402914e-003	
3.46604403e+001	-9.32668687e-003	
3.47018012e+001	-9.28934461e-003	
3.47431621e+001	-9.25200234e-003	
3.47845230e+001	-9.21466008e-003	
3.48258839e+001	-9.17731781e-003	
3.48672448e+001	-9.13997555e-003	
3.49086057e+001	-9.10263328e-003	
3.49499666e+001	-9.06529102e-003	
3.49913276e+001	-9.02794875e-003	
3.50326885e+001	-8.99060649e-003	
3.50740494e+001	-8.95326422e-003	
3.51154103e+001	-8.91376241e-003	
3.51567712e+001	-8.86877079e-003	
3.51981321e+001	-8.82377917e-003	
3.52394930e+001	-8.77878756e-003	
3.52808539e+001	-8.73379594e-003	
3.53222148e+001	-8.68880432e-003	
3.53635757e+001	-8.64381271e-003	
3.54049366e+001	-8.59882109e-003	
3.54462975e+001	-8.55382947e-003	
3.54876584e+001	-8.50883785e-003	
3.55290193e+001	-8.46384624e-003	
3.55703803e+001	-8.41885462e-003	
3.56117412e+001	-8.37386300e-003	
3.56531021e+001	-8.32887138e-003	
3.56944630e+001	-8.28387977e-003	
3.57358239e+001	-8.23888815e-003	
3.57771848e+001	-8.19389653e-003	
3.58185457e+001	-8.14890492e-003	
3.58599066e+001	-8.10391330e-003	
3.59012675e+001	-8.05892168e-003	
3.59426284e+001	-8.01393006e-003	
3.59839893e+001	-7.96893845e-003	
3.60253502e+001	-7.92394683e-003	
3.60667111e+001	-7.87895521e-003	
3.61080720e+001	-7.83396359e-003	
3.61494330e+001	-7.78897198e-003	
3.61907939e+001	-7.74398036e-003	
3.62321548e+001	-7.69898874e-003	
3.62735157e+001	-7.65399713e-003	
3.63148766e+001	-7.60900551e-003	
3.63562375e+001	-7.56401389e-003	
3.63975984e+001	-7.51902227e-003	
3.64389593e+001	-7.47403066e-003	
3.64803202e+001	-7.42903904e-003	
3.65216811e+001	-7.38404742e-003	
3.65630420e+001	-7.33905581e-003	
3.66044029e+001	-7.29406419e-003	
3.66457638e+001	-7.24907257e-003	
3.66871247e+001	-7.20408095e-003	
3.67284857e+001	-7.15908934e-003	
3.67698466e+001	-7.11409772e-003	
3.68112075e+001	-7.06910610e-003	
3.68525684e+001	-7.02411448e-003	
3.68939293e+001	-6.97912287e-003	
3.69352902e+001	-6.93413125e-003	
3.69766511e+001	-6.88913963e-003	
3.70180120e+001	-6.84414802e-003	
3.70593729e+001	-6.79915640e-003	
3.71007338e+001	-6.75416478e-003	
3.71420947e+001	-6.70917316e-003	
3.71834556e+001	-6.66418155e-003	
3.72248165e+001	-6.61918993e-003	
3.72661775e+001	-6.58303511e-003	
3.73075384e+001	-6.55670328e-003	
3.73488993e+001	-6.53037145e-003	
3.73902602e+001	-6.50403962e-003	
3.74316211e+001	-6.47770779e-003	
3.74729820e+001	-6.45137596e-003	
3.75143429e+001	-6.42504412e-003	
3.75557038e+001	-6.39871229e-003	
3.75970647e+001	-6.37238046e-003	
3.76384256e+001	-6.34604863e-003	
3.76797865e+001	-6.31971680e-003	
3.77211474e+001	-6.29338497e-003	
3.77625083e+001	-6.26705313e-003	
3.78038692e+001	-6.24072130e-003	
3.78452302e+001	-6.21438947e-003	
3.78865911e+001	-6.18805764e-003	
3.79279520e+001	-6.16172581e-003	
3.79693129e+001	-6.13539398e-003	
3.80106738e+001	-6.10906214e-003	
3.80520347e+001	-6.08273031e-003	
3.80933956e+001	-6.05793359e-003	
3.81347565e+001	-6.03618360e-003	
3.81761174e+001	-6.01443361e-003	
3.82174783e+001	-5.99268362e-003	
3.82588392e+001	-5.97093363e-003	
3.83002001e+001	-5.94918363e-003	
3.83415610e+001	-5.92743364e-003	
3.83829219e+001	-5.90568365e-003	
3.84242829e+001	-5.88393366e-003	
3.84656438e+001	-5.86218367e-003	
3.85070047e+001	-5.84043368e-003	
3.85483656e+001	-5.81868369e-003	
3.85897265e+001	-5.79693370e-003	
3.86310874e+001	-5.77518371e-003	
3.86724483e+001	-5.75343371e-003	
3.87138092e+001	-5.73168372e-003	
3.87551701e+001	-5.70993373e-003	
3.87965310e+001	-5.68818374e-003	
3.88378919e+001	-5.66643375e-003	
3.88792528e+001	-5.64468376e-003	
3.89206137e+001	-5.62293377e-003	
3.89619746e+001	-5.60118378e-003	
3.90033356e+001	-5.57943379e-003	
3.90446965e+001	-5.55768380e-003	
3.90860574e+001	-5.53593380e-003	
3.91274183e+001	-5.51418381e-003	
3.91687792e+001	-5.49243382e-003	
3.92101401e+001	-5.47068383e-003	
3.92515010e+001	-5.44893384e-003	
3.92928619e+001	-5.42718385e-003	
3.93342228e+001	-5.40543386e-003	
3.93755837e+001	-5.38368387e-003	
3.94169446e+001	-5.36193388e-003	
3.94583055e+001	-5.34018388e-003	
3.94996664e+001	-5.31843389e-003	
3.95410274e+001	-5.29668390e-003	
3.95823883e+001	-5.27493391e-003	
3.96237492e+001	-5.25318392e-003	
3.96651101e+001	-5.23143393e-003	
3.97064710e+001	-5.20968394e-003	
3.97478319e+001	-5.18793395e-003	
3.97891928e+001	-5.16618396e-003	
3.98305537e+001	-5.14443396e-003	
3.98719146e+001	-5.12268397e-003	
3.99132755e+001	-5.10093398e-003	
3.99546364e+001	-5.07918399e-003	
3.99959973e+001	-5.05743400e-003	
4.00373582e+001	-5.03568401e-003	
4.00787191e+001	-5.01393402e-003	
4.01200801e+001	-4.99218403e-003	
4.01614410e+001	-4.97043404e-003	
4.02028019e+001	-4.94868405e-003	
4.02441628e+001	-4.92693405e-003	
4.02855237e+001	-4.90518406e-003	
4.03268846e+001	-4.88343407e-003	
4.03682455e+001	-4.86168408e-003	
4.04096064e+001	-4.83993409e-003	
4.04509673e+001	-4.81818410e-003	
4.04923282e+001	-4.79643411e-003	
4.05336891e+001	-4.77468412e-003	
4.05750500e+001	-4.75293413e-003	
4.06164109e+001	-4.73118413e-003	
4.06577718e+001	-4.70943414e-003	
4.06991328e+001	-4.68768415e-003	
4.07404937e+001	-4.66593416e-003	
4.07818546e+001	-4.64918343e-003	
4.08232155e+001	-4.63355095e-003	
4.08645764e+001	-4.61791846e-003	
4.09059373e+001	-4.60228598e-003	
4.09472982e+001	-4.58665349e-003	
4.09886591e+001	-4.57102101e-003	
4.10300200e+001	-4.55538852e-003	
4.10713809e+001	-4.53975604e-003	
4.11127418e+001	-4.52412355e-003	
4.11541027e+001	-4.50849107e-003	
4.11954636e+001	-4.49285859e-003	
4.12368245e+001	-4.47722610e-003	
4.12781855e+001	-4.46159362e-003	
4.13195464e+001	-4.44596113e-003	
4.13609073e+001	-4.43032865e-003	
4.14022682e+001	-4.41469616e-003	
4.14436291e+001	-4.39906368e-003	
4.14849900e+001	-4.38343119e-003	
4.15263509e+001	-4.36779871e-003	
4.15677118e+001	-4.35216623e-003	
4.16090727e+001	-4.33653374e-003	
4.16504336e+001	-4.32090126e-003	
4.16917945e+001	-4.30526877e-003	
4.17331554e+001	-4.28963629e-003	
4.17745163e+001	-4.27400380e-003	
4.18158773e+001	-4.25837132e-003	
4.18572382e+001	-4.24273883e-003	
4.18985991e+001	-4.22710635e-003	
4.19399600e+001	-4.21147387e-003	
4.19813209e+001	-4.19584138e-003	
4.20226818e+001	-4.18020890e-003	
4.20640427e+001	-4.16457641e-003	
4.21054036e+001	-4.14894393e-003	
4.21467645e+001	-4.13331144e-003	
4.21881254e+001	-4.11767896e-003	
4.22294863e+001	-4.10204648e-003	
4.22708472e+001	-4.08641399e-003	
4.23122081e+001	-4.07078151e-003	
4.23535690e+001	-4.05514902e-003	
4.23949300e+001	-4.03951654e-003	
4.24362909e+001	-4.02388405e-003	
4.24776518e+001	-4.00825157e-003	
4.25190127e+001	-3.99261908e-003	
4.25603736e+001	-3.97698660e-003	
4.26017345e+001	-3.96135412e-003	
4.26430954e+001	-3.94572163e-003	
4.26844563e+001	-3.93008915e-003	
4.27258172e+001	-3.91445666e-003	
4.27671781e+001	-3.89882418e-003	
4.28085390e+001	-3.88319169e-003	
4.28498999e+001	-3.86755921e-003	
4.28912608e+001	-3.85192672e-003	
4.29326217e+001	-3.83629424e-003	
4.29739827e+001	-3.82066176e-003	
4.30153436e+001	-3.80502927e-003	
4.30567045e+001	-3.78939679e-003	
4.30980654e+001	-3.77376430e-003	
4.31394263e+001	-3.75813182e-003	
4.31807872e+001	-3.74250332e-003	
4.32221481e+001	-3.72691880e-003	
4.32635090e+001	-3.71133429e-003	
4.33048699e+001	-3.69574978e-003	
4.33462308e+001	-3.68016526e-003	
4.33875917e+001	-3.66458075e-003	
4.34289526e+001	-3.64899623e-003	
4.34703135e+001	-3.63341172e-003	
4.35116744e+001	-3.61782720e-003	
4.35530354e+001	-3.60224269e-003	
4.35943963e+001	-3.58665817e-003	
4.36357572e+001	-3.57107366e-003	
4.36771181e+001	-3.55548915e-003	
4.37184790e+001	-3.53990463e-003	
4.37598399e+001	-3.52432012e-003	
4.38012008e+001	-3.50873560e-003	
4.38425617e+001	-3.49315109e-003	
4.38839226e+001	-3.47756657e-003	
4.39252835e+001	-3.46198206e-003	
4.39666444e+001	-3.44639754e-003	
4.40080053e+001	-3.43081303e-003	
4.40493662e+001	-3.41522851e-003	
4.40907272e+001	-3.39964400e-003	
4.41320881e+001	-3.38405949e-003	
4.41734490e+001	-3.36847497e-003	
4.42148099e+001	-3.35289046e-003	
4.42561708e+001	-3.33730594e-003	
4.42975317e+001	-3.32172143e-003	
4.43388926e+001	-3.30613691e-003	
4.43802535e+001	-3.29055240e-003	
4.44216144e+001	-3.27496788e-003	
4.44629753e+001	-3.25938337e-003	
4.45043362e+001	-3.24379886e-003	
4.45456971e+001	-3.22821434e-003	
4.45870580e+001	-3.21262983e-003	
4.46284189e+001	-3.19704531e-003	
4.46697799e+001	-3.18146080e-003	
4.47111408e+001	-3.16587628e-003	
4.47525017e+001	-3.15029177e-003	
4.47938626e+001	-3.13470725e-003	
4.48352235e+001	-3.11912274e-003	
4.48765844e+001	-3.10353823e-003	
4.49179453e+001	-3.08795371e-003	
4.49593062e+001	-3.07236920e-003	
4.50006671e+001	-3.05678468e-003	
4.50420280e+001	-3.04120017e-003	
4.50833889e+001	-3.02724682e-003	
4.51247498e+001	-3.01710804e-003	
4.51661107e+001	-3.00696925e-003	
4.52074716e+001	-2.99683047e-003	
4.52488326e+001	-2.98669169e-003	
4.52901935e+001	-2.97655291e-003	
4.53315544e+001	-2.96641412e-003	
4.53729153e+001	-2.95627534e-003	
4.54142762e+001	-2.94613656e-003	
4.54556371e+001	-2.93599777e-003	
4.54969980e+001	-2.92585899e-003	
4.55383589e+001	-2.91572021e-003	
4.55797198e+001	-2.90558143e-003	
4.56210807e+001	-2.89544264e-003	
4.56624416e+001	-2.88530386e-003	
4.57038025e+001	-2.87516508e-003	
4.57451634e+001	-2.86502630e-003	
4.57865243e+001	-2.85488751e-003	
4.58278853e+001	-2.84474873e-003	
4.58692462e+001	-2.83460995e-003	
4.59106071e+001	-2.82447116e-003	
4.59519680e+001	-2.81433238e-003	
4.59933289e+001	-2.80419360e-003	
4.60346898e+001	-2.79405482e-003	
4.60760507e+001	-2.78391603e-003	
4.61174116e+001	-2.77377725e-003	
4.61587725e+001	-2.76363847e-003	
4.62001334e+001	-2.75349969e-003	
4.62414943e+001	-2.74336090e-003	
4.62828552e+001	-2.73322212e-003	
4.63242161e+001	-2.72308334e-003	
4.63655771e+001	-2.71294455e-003	
4.64069380e+001	-2.70280577e-003	
4.64482989e+001	-2.69266699e-003	
4.64896598e+001	-2.68252821e-003	
4.65310207e+001	-2.67238942e-003	
4.65723816e+001	-2.66225064e-003	
4.66137425e+001	-2.65211186e-003	
4.66551034e+001	-2.64197308e-003	
4.66964643e+001	-2.63183429e-003	
4.67378252e+001	-2.62169551e-003	
4.67791861e+001	-2.61155673e-003	
4.68205470e+001	-2.60141794e-003	
4.68619079e+001	-2.59127916e-003	
4.69032688e+001	-2.58114038e-003	
4.69446298e+001	-2.57100160e-003	
4.69859907e+001	-2.56086281e-003	
4.70273516e+001	-2.55072403e-003	
4.70687125e+001	-2.54058525e-003	
4.71100734e+001	-2.53044647e-003	
4.71514343e+001	-2.52030768e-003	
4.71927952e+001	-2.51016890e-003	
4.72341561e+001	-2.50003012e-003	
4.72755170e+001	-2.48989134e-003	
4.73168779e+001	-2.47975255e-003	
4.73582388e+001	-2.46961377e-003	
4.73995997e+001	-2.45947499e-003	
4.74409606e+001	-2.44933620e-003	
4.74823215e+001	-2.43919742e-003	
4.75236825e+001	-2.42905864e-003	
4.75650434e+001	-2.41891986e-003	
4.76064043e+001	-2.40878107e-003	
4.76477652e+001	-2.39864229e-003	
4.76891261e+001	-2.38850351e-003	
4.77304870e+001	-2.37836473e-003	
4.77718479e+001	-2.36822594e-003	
4.78132088e+001	-2.35902743e-003	
4.78545697e+001	-2.35087850e-003	
4.78959306e+001	-2.34272958e-003	
4.79372915e+001	-2.33458065e-003	
4.79786524e+001	-2.32643172e-003	
4.80200133e+001	-2.31828280e-003	
4.80613742e+001	-2.31013387e-003	
4.81027352e+001	-2.30198494e-003	
4.81440961e+001	-2.29383602e-003	
4.81854570e+001	-2.28568709e-003	
4.82268179e+001	-2.27753817e-003	
4.82681788e+001	-2.26938924e-003	
4.83095397e+001	-2.26124031e-003	
4.83509006e+001	-2.25309139e-003	
4.83922615e+001	-2.24494246e-003	
4.84336224e+001	-2.23679354e-003	
4.84749833e+001	-2.22864461e-003	
4.85163442e+001	-2.22049568e-003	
4.85577051e+001	-2.21234676e-003	
4.85990660e+001	-2.20419783e-003	
4.86404270e+001	-2.19604890e-003	
4.86817879e+001	-2.18789998e-003	
4.87231488e+001	-2.17975105e-003	
4.87645097e+001	-2.17160213e-003	
4.88058706e+001	-2.16345320e-003	
4.88472315e+001	-2.15530427e-003	
4.88885924e+001	-2.14715535e-003	
4.89299533e+001	-2.13900642e-003	
4.89713142e+001	-2.13085749e-003	
4.90126751e+001	-2.12270857e-003	
4.90540360e+001	-2.11447127e-003	
4.90953969e+001	-2.10620640e-003	
4.91367578e+001	-2.09794153e-003	
4.91781187e+001	-2.08967665e-003	
4.92194797e+001	-2.08141178e-003	
4.92608406e+001	-2.07314691e-003	
4.93022015e+001	-2.06488203e-003	
4.93435624e+001	-2.05661716e-003	
4.93849233e+001	-2.04835229e-003	
4.94262842e+001	-2.04008741e-003	
4.94676451e+001	-2.03182254e-003	
4.95090060e+001	-2.02355767e-003	
4.95503669e+001	-2.01529280e-003	
4.95917278e+001	-2.00702792e-003	
4.96330887e+001	-1.99876305e-003	
4.96744496e+001	-1.99049818e-003	
4.97158105e+001	-1.98223330e-003	
4.97571714e+001	-1.97396843e-003	
4.97985324e+001	-1.96570356e-003	
4.98398933e+001	-1.95743868e-003	
4.98812542e+001	-1.94917381e-003	
4.99226151e+001	-1.94090894e-003	
4.99639760e+001	-1.93264406e-003	
5.00053369e+001	-1.92437919e-003	
5.00466978e+001	-1.91611432e-003	
5.00880587e+001	-1.90784945e-003	
5.01294196e+001	-1.89958457e-003	
5.01707805e+001	-1.89131970e-003	
5.02121414e+001	-1.88305483e-003	
5.02535023e+001	-1.87478995e-003	
5.02948632e+001	-1.86652508e-003	
5.03362241e+001	-1.85826021e-003	
5.03775851e+001	-1.84999533e-003	
5.04189460e+001	-1.84173046e-003	
5.04603069e+001	-1.83346559e-003	
5.05016678e+001	-1.82520071e-003	
5.05430287e+001	-1.81693584e-003	
5.05843896e+001	-1.80867097e-003	
5.06257505e+001	-1.80040610e-003	
5.06671114e+001	-1.79214122e-003	
5.07084723e+001	-1.78387635e-003	
5.07498332e+001	-1.77561148e-003	
5.07911941e+001	-1.76734660e-003	
5.08325550e+001	-1.75908173e-003	
5.08739159e+001	-1.75081686e-003	
5.09152769e+001	-1.74255198e-003	
5.09566378e+001	-1.73496732e-003	
5.09979987e+001	-1.72786213e-003	
5.10393596e+001	-1.72075694e-003	
5.10807205e+001	-1.71365175e-003	
5.11220814e+001	-1.70654657e-003	
5.11634423e+001	-1.69944138e-003	
5.12048032e+001	-1.69233619e-003	
5.12461641e+001	-1.68523100e-003	
5.12875250e+001	-1.67812582e-003	
5.13288859e+001	-1.67102063e-003	
5.13702468e+001	-1.66391544e-003	
5.14116077e+001	-1.65681025e-003	
5.14529686e+001	-1.64970507e-003	
5.14943296e+001	-1.64259988e-003	
5.15356905e+001	-1.63549469e-003	
5.15770514e+001	-1.62838950e-003	
5.16184123e+001	-1.62128432e-003	
5.16597732e+001	-1.61417913e-003	
5.17011341e+001	-1.60707394e-003	
5.17424950e+001	-1.59996875e-003	
5.17838559e+001	-1.59286357e-003	
5.18252168e+001	-1.58575838e-003	
5.18665777e+001	-1.57865319e-003	
5.19079386e+001	-1.57154800e-003	
5.19492995e+001	-1.56444282e-003	
5.19906604e+001	-1.55733763e-003	
5.20320213e+001	-1.55023244e-003	
5.20733823e+001	-1.54312725e-003	
5.21147432e+001	-1.53602207e-003	
5.21561041e+001	-1.52891688e-003	
5.21974650e+001	-1.52181169e-003	
5.22388259e+001	-1.51470650e-003	
5.22801868e+001	-1.50760132e-003	
5.23215477e+001	-1.50049613e-003	
5.23629086e+001	-1.49339094e-003	
5.24042695e+001	-1.48628575e-003	
5.24456304e+001	-1.47918057e-003	
5.24869913e+001	-1.47207538e-003	
5.25283522e+001	-1.46497019e-003	
5.25697131e+001	-1.45786500e-003	
5.26110740e+001	-1.45075982e-003	
5.26524350e+001	-1.44650099e-003	
5.26937959e+001	-1.44237387e-003	
5.27351568e+001	-1.43824676e-003	
5.27765177e+001	-1.43411965e-003	
5.28178786e+001	-1.42999254e-003	
5.28592395e+001	-1.42586542e-003	
5.29006004e+001	-1.42173831e-003	
5.29419613e+001	-1.41761120e-003	
5.29833222e+001	-1.41348409e-003	
5.30246831e+001	-1.40935697e-003	
5.30660440e+001	-1.40522986e-003	
5.31074049e+001	-1.40110275e-003	
5.31487658e+001	-1.39697564e-003	
5.31901268e+001	-1.39284852e-003	
5.32314877e+001	-1.38872141e-003	
5.32728486e+001	-1.38459430e-003	
5.33142095e+001	-1.38046719e-003	
5.33555704e+001	-1.37634007e-003	
5.33969313e+001	-1.37221296e-003	
5.34382922e+001	-1.36808585e-003	
5.34796531e+001	-1.36395874e-003	
5.35210140e+001	-1.35983163e-003	
5.35623749e+001	-1.35570451e-003	
5.36037358e+001	-1.35157740e-003	
5.36450967e+001	-1.34745029e-003	
5.36864576e+001	-1.34332318e-003	
5.37278185e+001	-1.33919606e-003	
5.37691795e+001	-1.33506895e-003	
5.38105404e+001	-1.33094184e-003	
5.38519013e+001	-1.32681473e-003	
5.38932622e+001	-1.32268761e-003	
5.39346231e+001	-1.31856050e-003	
5.39759840e+001	-1.31443339e-003	
5.40173449e+001	-1.31030628e-003	
5.40587058e+001	-1.30617916e-003	
5.41000667e+001	-1.30205205e-003	
5.41414276e+001	-1.29792494e-003	
5.41827885e+001	-1.29379783e-003	
5.42241494e+001	-1.28967071e-003	
5.42655103e+001	-1.28554360e-003	
5.43068712e+001	-1.28141649e-003	
5.43482322e+001	-1.27728938e-003	
5.43895931e+001	-1.27316226e-003	
5.44309540e+001	-1.26903515e-003	
5.44723149e+001	-1.26490804e-003	
5.45136758e+001	-1.26078093e-003	
5.45550367e+001	-1.25665381e-003	
5.45963976e+001	-1.25252670e-003	
5.46377585e+001	-1.24839959e-003	
5.46791194e+001	-1.24427248e-003	
5.47204803e+001	-1.24014536e-003	
5.47618412e+001	-1.23601825e-003	
5.48032021e+001	-1.23189114e-003	
5.48445630e+001	-1.22776403e-003	
5.48859239e+001	-1.22363691e-003	
5.49272849e+001	-1.21950980e-003	
5.49686458e+001	-1.21538269e-003	
5.50100067e+001	-1.21125558e-003	
5.50513676e+001	-1.20712846e-003	
5.50927285e+001	-1.20300135e-003	
5.51340894e+001	-1.19887424e-003	
5.51754503e+001	-1.19474713e-003	
5.52168112e+001	-1.19062001e-003	
5.52581721e+001	-1.18649290e-003	
5.52995330e+001	-1.18236579e-003	
5.53408939e+001	-1.17823868e-003	
5.53822548e+001	-1.17411156e-003	
5.54236157e+001	-1.16998445e-003	
5.54649767e+001	-1.16585734e-003	
5.55063376e+001	-1.16173023e-003	
5.55476985e+001	-1.15760312e-003	
5.55890594e+001	-1.15347600e-003	
5.56304203e+001	-1.14934889e-003	
5.56717812e+001	-1.14522178e-003	
5.57131421e+001	-1.14109467e-003	
5.57545030e+001	-1.13696755e-003	
5.57958639e+001	-1.13284044e-003	
5.58372248e+001	-1.12871333e-003	
5.58785857e+001	-1.12458622e-003	
5.59199466e+001	-1.12045910e-003	
5.59613075e+001	-1.11633199e-003	
5.60026684e+001	-1.11220488e-003	
5.60440294e+001	-1.10807777e-003	
5.60853903e+001	-1.10395065e-003	
5.61267512e+001	-1.09919477e-003	
5.61681121e+001	-1.09433469e-003	
5.62094730e+001	-1.08947460e-003	
5.62508339e+001	-1.08461452e-003	
5.62921948e+001	-1.07975443e-003	
5.63335557e+001	-1.07489435e-003	
5.63749166e+001	-1.07003427e-003	
5.64162775e+001	-1.06517418e-003	
5.64576384e+001	-1.06031410e-003	
5.64989993e+001	-1.05545401e-003	
5.65403602e+001	-1.05059393e-003	
5.65817211e+001	-1.04573385e-003	
5.66230821e+001	-1.04087376e-003	
5.66644430e+001	-1.03601368e-003	
5.67058039e+001	-1.03115360e-003	
5.67471648e+001	-1.02629351e-003	
5.67885257e+001	-1.02143343e-003	
5.68298866e+001	-1.01657334e-003	
5.68712475e+001	-1.01171326e-003	
5.69126084e+001	-1.00685318e-003	
5.69539693e+001	-1.00201457e-003	
5.69953302e+001	-9.98590185e-004	
5.70366911e+001	-9.95165805e-004	
5.70780520e+001	-9.91741426e-004	
5.71194129e+001	-9.88317046e-004	
5.71607738e+001	-9.84892666e-004	
5.72021348e+001	-9.81468286e-004	
5.72434957e+001	-9.78043906e-004	
5.72848566e+001	-9.74619526e-004	
5.73262175e+001	-9.71195146e-004	
5.73675784e+001	-9.67770766e-004	
5.74089393e+001	-9.64346386e-004	
5.74503002e+001	-9.60922006e-004	
5.74916611e+001	-9.57554740e-004	
5.75330220e+001	-9.55340680e-004	
5.75743829e+001	-9.53126621e-004	
5.76157438e+001	-9.50912561e-004	
5.76571047e+001	-9.48698502e-004	
5.76984656e+001	-9.46484442e-004	
5.77398266e+001	-9.44270383e-004	
5.77811875e+001	-9.42056323e-004	
5.78225484e+001	-9.39842264e-004	
5.78639093e+001	-9.37628204e-004	
5.79052702e+001	-9.35414145e-004	
5.79466311e+001	-9.33200085e-004	
5.79879920e+001	-9.30986026e-004	
5.80293529e+001	-9.28771966e-004	
5.80707138e+001	-9.26557907e-004	
5.81120747e+001	-9.24343847e-004	
5.81534356e+001	-9.22129788e-004	
5.81947965e+001	-9.19915728e-004	
5.82361574e+001	-9.17701669e-004	
5.82775183e+001	-9.15487609e-004	
5.83188793e+001	-9.13273550e-004	
5.83602402e+001	-9.11059490e-004	
5.84016011e+001	-9.08845431e-004	
5.84429620e+001	-9.06631371e-004	
5.84843229e+001	-9.04417312e-004	
5.85256838e+001	-9.02203252e-004	
5.85670447e+001	-8.99989193e-004	
5.86084056e+001	-8.97775134e-004	
5.86497665e+001	-8.95561074e-004	
5.86911274e+001	-8.93347015e-004	
5.87324883e+001	-8.91132955e-004	
5.87738492e+001	-8.88918896e-004	
5.88152101e+001	-8.86704836e-004	
5.88565710e+001	-8.84490777e-004	
5.88979320e+001	-8.82276717e-004	
5.89392929e+001	-8.80062658e-004	
5.89806538e+001	-8.77848598e-004	
5.90220147e+001	-8.75634539e-004	
5.90633756e+001	-8.73420479e-004	
5.91047365e+001	-8.71206420e-004	
5.91460974e+001	-8.68992360e-004	
5.91874583e+001	-8.66778301e-004	
5.92288192e+001	-8.64564241e-004	
5.92701801e+001	-8.62350182e-004	
5.93115410e+001	-8.60136122e-004	
5.93529019e+001	-8.57922063e-004	
5.93942628e+001	-8.55708003e-004	
5.94356237e+001	-8.53493944e-004	
5.94769847e+001	-8.51279884e-004	
5.95183456e+001	-8.49065825e-004	
5.95597065e+001	-8.46851765e-004	
5.96010674e+001	-8.44637706e-004	
5.96424283e+001	-8.42423646e-004	
5.96837892e+001	-8.40209587e-004	
5.97251501e+001	-8.37995527e-004	
5.97665110e+001	-8.35781468e-004	
5.98078719e+001	-8.33567409e-004	
5.98492328e+001	-8.31353349e-004	
5.98905937e+001	-8.29139290e-004	
5.99319546e+001	-8.26925230e-004	
5.99733155e+001	-8.24711171e-004	
6.00146765e+001	-8.22497111e-004	
6.00560374e+001	-8.20283052e-004	
6.00973983e+001	-8.18068992e-004	
6.01387592e+001	-8.15854933e-004	
6.01801201e+001	-8.13640873e-004	
6.02214810e+001	-8.11426814e-004	
6.02628419e+001	-8.09212754e-004	
6.03042028e+001	-8.06998695e-004	
6.03455637e+001	-8.04784635e-004	
6.03869246e+001	-8.02570576e-004	
6.04282855e+001	-8.00356516e-004	
6.04696464e+001	-7.98142457e-004	
6.05110073e+001	-7.95928397e-004	
6.05523682e+001	-7.93714338e-004	
6.05937292e+001	-7.91500278e-004	
6.06350901e+001	-7.89286219e-004	
6.06764510e+001	-7.87072159e-004	
6.07178119e+001	-7.84858100e-004	
6.07591728e+001	-7.82644040e-004	
6.08005337e+001	-7.80429981e-004	
6.08418946e+001	-7.78215921e-004	
6.08832555e+001	-7.76001862e-004	
6.09246164e+001	-7.73787802e-004	
6.09659773e+001	-7.71573743e-004	
6.10073382e+001	-7.69359684e-004	
6.10486991e+001	-7.67145624e-004	
6.10900600e+001	-7.64931565e-004	
6.11314209e+001	-7.62717505e-004	
6.11727819e+001	-7.60503446e-004	
6.12141428e+001	-7.58289386e-004	
6.12555037e+001	-7.56075327e-004	
6.12968646e+001	-7.53861267e-004	
6.13382255e+001	-7.51647208e-004	
6.13795864e+001	-7.49433148e-004	
6.14209473e+001	-7.47219089e-004	
6.14623082e+001	-7.45005029e-004	
6.15036691e+001	-7.42790970e-004	
6.15450300e+001	-7.40576910e-004	
6.15863909e+001	-7.38362851e-004	
6.16277518e+001	-7.36148791e-004	
6.16691127e+001	-7.33934732e-004	
6.17104736e+001	-7.31720672e-004	
6.17518346e+001	-7.29506613e-004	
6.17931955e+001	-7.27292553e-004	
6.18345564e+001	-7.25078494e-004	
6.18759173e+001	-7.22864434e-004	
6.19172782e+001	-7.20650375e-004	
6.19586391e+001	-7.18436315e-004	
6.20000000e+001	-7.16222227e-004	
